 40 LONG
 181 
 164 
 300 f1
 217 
 60 (
 40 LONG
 181 
 164 
 300 a
 217 
 216 
 234 
 232 
 230 
 61 )
 221 
 216 
 62 {
 59 RETURN
 300 a
 86 
 90 
 100 
 112 
 114 
 118 
 121 
 124 
 129 
 132 
 68 &
 1 CONSTANT
 87 
 90 
 100 
 112 
 114 
 118 
 121 
 124 
 129 
 133 
 134 
 136 
 138 
 140 
 142 
 144 
 157 
 82 ;
 288 
 263 
 273 
 63 }
 268 
 292 
 289 
 84 
 40 LONG
 181 
 164 
 300 f2
 217 
 60 (
 40 LONG
 181 
 164 
 300 a
 217 
 216 
 234 
 232 
 230 
 61 )
 221 
 216 
 62 {
 59 RETURN
 300 a
 86 
 90 
 100 
 112 
 114 
 118 
 121 
 124 
 129 
 132 
 68 &
 75 ~
 110 
 1 CONSTANT
 87 
 90 
 100 
 112 
 103 
 112 
 114 
 118 
 121 
 124 
 129 
 133 
 134 
 136 
 138 
 140 
 142 
 144 
 157 
 82 ;
 288 
 263 
 273 
 63 }
 268 
 292 
 289 
 85 
 40 LONG
 181 
 164 
 300 f3
 217 
 60 (
 40 LONG
 181 
 164 
 300 a
 217 
 216 
 234 
 232 
 230 
 61 )
 221 
 216 
 62 {
 59 RETURN
 300 a
 86 
 90 
 100 
 112 
 114 
 118 
 121 
 124 
 129 
 132 
 68 &
 1 CONSTANT
 87 
 90 
 100 
 112 
 114 
 118 
 121 
 124 
 129 
 133 
 134 
 136 
 138 
 140 
 142 
 144 
 157 
 82 ;
 288 
 263 
 273 
 63 }
 268 
 292 
 289 
 85 
 40 LONG
 181 
 164 
 300 f4
 217 
 60 (
 40 LONG
 181 
 164 
 300 a
 217 
 216 
 234 
 232 
 230 
 61 )
 221 
 216 
 62 {
 59 RETURN
 300 a
 86 
 90 
 100 
 112 
 114 
 118 
 121 
 124 
 129 
 132 
 68 &
 75 ~
 110 
 1 CONSTANT
 87 
 90 
 100 
 112 
 103 
 112 
 114 
 118 
 121 
 124 
 129 
 133 
 134 
 136 
 138 
 140 
 142 
 144 
 157 
 82 ;
 288 
 263 
 273 
 63 }
 268 
 292 
 289 
 85 
 40 LONG
 181 
 164 
 300 f5
 217 
 60 (
 40 LONG
 181 
 164 
 300 a
 217 
 216 
 234 
 232 
 230 
 61 )
 221 
 216 
 62 {
 59 RETURN
 300 a
 86 
 90 
 100 
 112 
 114 
 118 
 121 
 124 
 129 
 132 
 68 &
 1 CONSTANT
 87 
 90 
 100 
 112 
 114 
 118 
 121 
 124 
 129 
 133 
 134 
 136 
 138 
 140 
 142 
 144 
 157 
 82 ;
 288 
 263 
 273 
 63 }
 268 
 292 
 289 
 85 
 40 LONG
 181 
 164 
 300 f6
 217 
 60 (
 40 LONG
 181 
 164 
 300 a
 217 
 216 
 234 
 232 
 230 
 61 )
 221 
 216 
 292 
 289 
 85 
